57625.0 0.11667404 0.084890276 0.082753148
57626.0 0.13234382 0.096291370 0.093867218
57627.0 0.14068031 0.10235688 0.099780024
57628.0 0.21447313 0.15604742 0.15211890
57629.0 0.37510320 0.27291944 0.26604864
57630.0 0.53753012 0.39109882 0.38125284
57631.0 0.65464335 0.47630864 0.46431748
57632.0 0.80029989 0.58228614 0.56762698
57633.0 0.84588390 0.61545238 0.59995826
57634.0 0.84960865 0.61816245 0.60260010
57635.0 0.88623015 0.64480771 0.62857456
57636.0 0.83198935 0.60232621 0.58083421
57637.0 0.85065693 0.61690873 0.59674084
57638.0 0.76414752 0.56146884 0.55980325
57639.0 0.75017953 0.55238700 0.55655813
57640.0 0.76851630 0.56405580 0.56846511
57641.0 0.78685302 0.57572466 0.58037210
57642.0 0.80518979 0.58739346 0.59227908
57643.0 0.80429614 0.59471244 0.60370815
57644.0 0.85086548 0.62538117 0.63668162
57645.0 0.83486587 0.61798823 0.63521409
57646.0 0.78656435 0.59325826 0.61797130
57647.0 0.79378766 0.59656382 0.61760402
57648.0 0.80101103 0.59986943 0.61723673
57649.0 0.80823433 0.60317504 0.61686945
57650.0 0.81545770 0.60648066 0.61650217
57651.0 0.82268101 0.60978621 0.61613488
57652.0 0.82990438 0.61309183 0.61576760
57653.0 0.83712769 0.61639744 0.61540031
57654.0 0.84435105 0.61970299 0.61503303
57655.0 0.84068966 0.61640805 0.61045015
57656.0 0.83595377 0.61246145 0.60545117
57657.0 0.83121789 0.60851490 0.60045224
57658.0 0.81809938 0.60129142 0.59803975
57659.0 0.81864005 0.61056024 0.62476224
57660.0 0.89493972 0.65975893 0.65895116
57661.0 0.95724106 0.69939744 0.68526399
57662.0 0.91794121 0.66964704 0.65441179
57663.0 0.87864137 0.63989669 0.62355953
57664.0 0.85177290 0.62199998 0.60914916
57665.0 0.84367347 0.62199998 0.61956269
57666.0 0.83557403 0.62199998 0.62997627
57667.0 0.82747459 0.62199998 0.64038980
57668.0 0.84153652 0.64227462 0.64176506
57669.0 0.85697782 0.66381109 0.64257777
57670.0 0.84608978 0.65675920 0.63362861
57671.0 0.80673194 0.61879456 0.61412382
57672.0 0.76737416 0.58082992 0.59461904
57673.0 0.78481245 0.57800001 0.57950002
57674.0 0.83865863 0.59769231 0.56719232
57675.0 0.89250481 0.61738461 0.55488461
57676.0 0.91584021 0.63176924 0.56564498
57677.0 0.88478696 0.63669229 0.61752665
57678.0 0.85373378 0.64161539 0.66940832
57679.0 0.82268053 0.64653850 0.72128999
57680.0 0.79162729 0.65146154 0.77317166
57681.0 0.76057404 0.65638465 0.82505333
57682.0 0.72952080 0.66130769 0.87693501
57683.0 0.88185488 0.64162433 0.62547132
57684.0 1.0082221 0.73356722 0.71509953
57685.0 0.99501532 0.72395816 0.70573238
57686.0 0.94609742 0.68836623 0.67103648
57687.0 0.94687180 0.68892966 0.67158573
57688.0 0.93926467 0.68339483 0.66619024
57689.0 0.99549407 0.72430649 0.70607194
57690.0 1.0040765 0.73055096 0.71215921
57691.0 0.94098614 0.68464734 0.66741122
57692.0 0.97682944 0.71072639 0.69283372
57693.0 1.0524982 0.76578180 0.74650311
57694.0 0.99995818 0.72755451 0.70923819
57695.0 0.88538866 0.64419546 0.62797772
57696.0 0.90492557 0.65841021 0.64183462
57697.0 0.96317380 0.70079075 0.68314822
57698.0 1.0130199 0.73705799 0.71850242
57699.0 1.0563872 0.76861139 0.74926146
57700.0 1.0210838 0.74292522 0.72422194
57701.0 0.93441165 0.67986384 0.66274814
57702.0 0.93051763 0.67703061 0.65998624
57703.0 1.0014574 0.72864535 0.71030157
57704.0 0.99464757 0.72369059 0.70547155
57705.0 0.96269854 0.70044496 0.68281113
57706.0 0.93643208 0.68133388 0.66418117
57707.0 0.86872262 0.63206949 0.61615703
57708.0 0.84523634 0.61498123 0.59949896
57709.0 0.80287134 0.58415710 0.56945084
57710.0 0.78935979 0.57432630 0.55986753
57711.0 0.81514434 0.59308674 0.57815568
57712.0 0.78583149 0.57175915 0.55736501
57713.0 0.77117709 0.56109683 0.54697112
57714.0 0.77117709 0.56109683 0.54697112
57715.0 0.77117709 0.56109683 0.54697112
57716.0 0.77117709 0.56109683 0.54697112
57717.0 0.77117709 0.56109683 0.54697112
57718.0 0.77117709 0.56109683 0.54697112
57719.0 0.77117709 0.56109683 0.54697112
57720.0 0.77117709 0.56109683 0.54697112
57721.0 0.76622374 0.55749285 0.54345787
57722.0 0.79054310 0.57518726 0.56070681
57723.0 0.73374399 0.53386107 0.52042102
57724.0 0.69608291 0.50645944 0.49370923
57725.0 0.72487716 0.52740970 0.51413207
57726.0 0.73002985 0.53115872 0.51778670
57727.0 0.73914547 0.53779111 0.52425212
57728.0 0.68588182 0.49903728 0.48647393
57729.0 0.72808414 0.52974306 0.51640668
57730.0 0.74218593 0.54000330 0.52640862
57731.0 0.68446685 0.49800777 0.48547034
57732.0 0.70045755 0.50964236 0.49681202
57733.0 0.71644824 0.52127695 0.50815371
57734.0 0.73243894 0.53291154 0.51949539
57735.0 0.74842963 0.54454613 0.53083708
57736.0 0.77532338 0.56411361 0.54991195
57737.0 0.75189572 0.54706800 0.53329546
57738.0 0.69404920 0.50497974 0.49226679
57739.0 0.66299918 0.48238821 0.47024400
57740.0 0.63373106 0.46109317 0.44948507
57741.0 0.65782933 0.47862671 0.46657720
57742.0 0.68144390 0.49580832 0.48332625
57743.0 0.62708825 0.45625997 0.44477354
57744.0 0.53190672 0.38700732 0.37726434
57745.0 0.49605176 0.36091979 0.35183356
57746.0 0.49907937 0.36312263 0.35398095
57747.0 0.48822976 0.35522862 0.34628567
57748.0 0.49029938 0.35673444 0.34775359
57749.0 0.48705924 0.35437697 0.34545546
57750.0 0.48705924 0.35437697 0.34545546
57751.0 0.47669927 0.34683921 0.33810747
57752.0 0.43307123 0.31509611 0.30716350
57753.0 0.36653624 0.26668625 0.25997237
57754.0 0.32584407 0.23707924 0.23111073
57755.0 0.24139122 0.17563262 0.17121103
57756.0 0.17882702 0.13011185 0.12683626
57757.0 0.13247831 0.096389221 0.093962605
57758.0 0.098142354 0.071406898 0.069609217
57759.0 0.072705638 0.052899527 0.051567772
57760.0 0.053861656 0.039188929 0.038202341
57761.0 0.039901697 0.029031874 0.028300991
57762.0 0.029559907 0.021507343 0.020965892
57763.0 0.021898518 0.015933032 0.015531915
57764.0 0.016222818 0.011803478 0.011506324
57765.0 0.012018160 0.0087442324 0.0085240948
57766.0 0.0089032720 0.0064778866 0.0063148046
57767.0 0.0065957050 0.0047989356 0.0046781215
57768.0 0.0048862199 0.0035551400 0.0034656387
57769.0 0.0036198001 0.0026337120 0.0025674079
57770.0 0.0026816134 0.0019511015 0.0019019822
57771.0 0.0019865886 0.0014454120 0.0014090235
57772.0 0.0014717007 0.0010707873 0.0010438300
57773.0 0.0010902631 0.00079325900 0.00077328856
57774.0 0.00080768657 0.00058766059 0.00057286612
57775.0 0.00059834881 0.00043534958 0.00042438958
57776.0 0.00044326783 0.00032251499 0.00031439562
57777.0 0.00032838083 0.00023892494 0.00023290996
57778.0 0.00024327046 0.00017699992 0.00017254392
57779.0 0.00018021923 0.00013112480 0.00012782371
57780.0 0.00013350966 9.7139619e-05 9.4694111e-05
57781.0 9.8906375e-05 7.1962789e-05 7.0151112e-05
57782.0 7.3271630e-05 5.3311335e-05 5.1969212e-05
57783.0 5.4280999e-05 3.9494038e-05 3.8499768e-05
57784.0 4.0212346e-05 2.9257897e-05 2.8521324e-05
57785.0 2.9790033e-05 2.1674779e-05 2.1129113e-05
57786.0 2.2068996e-05 1.6057069e-05 1.5652829e-05
57787.0 1.6349111e-05 1.1895367e-05 1.1595899e-05
57788.0 1.2111728e-05 8.8123110e-06 8.5904595e-06
57789.0 8.9725869e-06 6.5283191e-06 6.3639675e-06
